32
53
275
302
378
533
581
652
673
712
898
957
963
970
992
998
999
1000
1003
1013
1017
1022
1023
1025
1029
1033
1035
1039
1040
1058
1065
1075
1087
1092
1097
1099
1110
1118
1121
1122
1123
1133
1135
1137
1138
1144
1145
1147
1148
1153
1156
1159
1165
1173
1177
1178
1184
1188
1189
1193
1198
1200
1203
1206
1210
1212
1217
1219
1220
1221
1224
1225
1229
1238
1239
1241
1248
1249
1253
1256
1259
1264
1265
1268
1269
1270
1274
1282
1283
1287
1292
1293
1294
1297
1299
1301
1312
1313
1314
1316
1318
1319
1325
1328
1338
1339
1345
1346
1347
1349
1350
1365
1367
1372
1374
1378
1379
1383
1387
1390
1409
